     0/272      4.5G      2.17     0.479         0      2.65        27       416     0.481    0.0064     0.005    0.0126      1.76     0.571         0
     1/272      4.5G      1.75     0.322         0      2.07        25       416     0.506     0.575     0.462     0.538      1.52     0.396         0
     2/272      4.5G      1.51     0.251         0      1.76        25       416     0.501     0.734     0.603     0.595      1.49     0.344         0
     3/272      4.5G      1.41     0.223         0      1.63        22       416     0.517     0.772     0.659      0.62       1.4     0.299         0
     4/272      4.5G      1.34     0.209         0      1.55        34       416     0.569     0.804     0.701     0.666      1.28     0.281         0
     5/272      4.5G      1.28     0.191         0      1.47        27       416     0.559     0.824     0.727     0.666      1.28     0.258         0
     6/272      4.5G      1.27     0.181         0      1.45        26       416     0.544     0.834     0.737     0.658      1.31     0.246         0
     7/272      4.5G      1.24     0.179         0      1.42        34       416      0.54     0.842      0.74     0.658      1.25     0.248         0
     8/272      4.5G      1.21     0.171         0      1.38        13       416     0.586     0.844     0.754     0.692      1.24     0.236         0
     9/272      4.5G       1.2     0.163         0      1.36        23       416     0.577     0.845     0.756     0.686      1.24     0.233         0
    10/272      4.5G      1.16     0.162         0      1.32        14       416     0.606     0.846     0.765     0.706      1.23     0.237         0
    11/272      4.5G      1.14     0.158         0       1.3        23       416     0.626     0.848     0.769     0.721      1.19     0.228         0
    12/272      4.5G      1.14     0.157         0       1.3        22       416      0.59     0.852     0.773     0.697      1.26     0.231         0
    13/272      4.5G      1.12     0.158         0      1.27        24       416     0.601     0.853     0.778     0.705      1.18     0.219         0
    14/272      4.5G      1.09     0.152         0      1.25        24       416     0.578     0.856     0.766      0.69      1.23     0.227         0
    15/272      4.5G      1.09      0.15         0      1.24        27       416     0.606     0.861     0.786     0.711      1.17     0.218         0
    16/272      4.5G      1.07     0.147         0      1.21        21       416     0.582     0.858     0.778     0.694      1.18     0.218         0
    17/272      4.5G      1.05     0.146         0       1.2        16       416      0.59     0.866     0.786     0.702      1.19     0.216         0
    18/272      4.5G      1.05     0.145         0       1.2        23       416     0.587     0.857     0.771     0.696      1.18     0.231         0
    19/272      4.5G      1.04     0.143         0      1.18        19       416     0.614     0.864      0.79     0.718      1.16     0.218         0
    20/272      4.5G      1.04     0.143         0      1.18        20       416     0.619     0.867     0.788     0.722      1.17     0.221         0
    21/272      4.5G      1.02     0.142         0      1.17        25       416     0.632     0.854     0.783     0.726      1.19     0.213         0
    22/272      4.5G         1      0.14         0      1.14        18       416     0.621      0.87     0.796     0.724      1.17     0.209         0
    23/272      4.5G      0.99     0.139         0      1.13        20       416     0.628      0.86     0.788     0.726      1.16     0.213         0
    24/272      4.5G      0.98     0.138         0      1.12        19       416     0.653     0.858     0.789     0.742      1.15     0.214         0
    25/272      4.5G     0.973     0.134         0      1.11        22       416     0.637      0.86     0.793     0.732      1.14     0.216         0
    26/272      4.5G     0.981     0.135         0      1.12        25       416     0.652     0.857     0.787     0.741      1.14     0.213         0
    27/272      4.5G     0.957     0.135         0      1.09        33       416     0.675     0.852      0.79     0.753      1.16     0.215         0
    28/272      4.5G     0.943     0.133         0      1.08        22       416     0.653      0.85     0.786     0.738      1.14     0.213         0
    29/272      4.5G     0.943     0.127         0      1.07        24       416     0.637     0.861     0.794     0.732      1.14     0.211         0
    30/272      4.5G     0.959     0.133         0      1.09        26       416     0.631     0.859     0.786     0.728      1.15     0.222         0
    31/272      4.5G     0.948     0.131         0      1.08        32       416     0.641     0.862     0.794     0.735      1.12     0.215         0
    32/272      4.5G     0.924     0.128         0      1.05        18       416     0.619     0.866     0.791     0.722      1.13     0.209         0
    33/272      4.5G     0.922     0.128         0      1.05        30       416     0.657     0.846     0.776      0.74      1.14     0.212         0
    34/272      4.5G     0.935     0.129         0      1.06        15       416     0.657     0.853     0.788     0.743      1.12      0.21         0
    35/272      4.5G     0.921      0.13         0      1.05        24       416     0.638     0.857     0.777     0.732      1.17     0.217         0
    36/272      4.5G     0.923     0.128         0      1.05        22       416     0.607      0.87     0.791     0.715      1.13     0.208         0
    37/272      4.5G     0.911     0.126         0      1.04        22       416      0.63     0.858     0.785     0.726      1.15     0.209         0
    38/272      4.5G      0.92     0.128         0      1.05        30       416     0.663     0.845     0.779     0.743      1.14     0.216         0
    39/272      4.5G     0.907     0.128         0      1.03        27       416     0.644      0.85      0.78     0.733      1.13     0.212         0
    40/272      4.5G      0.91     0.128         0      1.04        22       416     0.623     0.865     0.793     0.724      1.16     0.212         0
    41/272      4.5G     0.911     0.128         0      1.04        14       416     0.611     0.852     0.776     0.712      1.16     0.218         0
    42/272      4.5G     0.903     0.125         0      1.03        17       416     0.665     0.844      0.78     0.744      1.14     0.217         0
    43/272      4.5G     0.895     0.127         0      1.02        23       416     0.659     0.857     0.791     0.745      1.13     0.217         0
    44/272      4.5G     0.889     0.125         0      1.01        18       416     0.654     0.845     0.773     0.737      1.14     0.215         0
    45/272      4.5G     0.893     0.124         0      1.02        19       416     0.635     0.852     0.777     0.728      1.15      0.22         0
    46/272      4.5G      0.91     0.127         0      1.04        27       416     0.629     0.854     0.783     0.724      1.16     0.219         0
    47/272      4.5G     0.901     0.125         0      1.03        24       416     0.625     0.841     0.774     0.717      1.15     0.217         0
    48/272      4.5G     0.895     0.126         0      1.02        15       416     0.565      0.86      0.78     0.682      1.19     0.224         0
    49/272      4.5G      0.91     0.127         0      1.04        38       416     0.639     0.833     0.762     0.723      1.15     0.215         0
    50/272      4.5G     0.893     0.128         0      1.02        29       416     0.664      0.84     0.776     0.742      1.15     0.223         0
    51/272      4.5G      0.91     0.128         0      1.04        17       416     0.635     0.832     0.766      0.72      1.18     0.227         0
    52/272      4.5G     0.905     0.126         0      1.03        23       416     0.591     0.852     0.775     0.698      1.15     0.221         0
    53/272      4.5G     0.908     0.129         0      1.04        22       416     0.616     0.839     0.759      0.71      1.16     0.225         0
    54/272      4.5G     0.915     0.128         0      1.04        23       416     0.589     0.827     0.747     0.688      1.22     0.238         0
    55/272      4.5G     0.919     0.129         0      1.05        17       416     0.672     0.818     0.753     0.738      1.16      0.23         0
    56/272      4.5G     0.909     0.127         0      1.04        23       416     0.622     0.843     0.772     0.716      1.15     0.222         0
    57/272      4.5G      0.91     0.131         0      1.04        34       416     0.587     0.835     0.759     0.689       1.2     0.229         0
    58/272      4.5G     0.927     0.132         0      1.06        23       416     0.693     0.806     0.751     0.745       1.2      0.23         0
    59/272      4.5G     0.921     0.133         0      1.05        24       416     0.624     0.815      0.74     0.707      1.21     0.248         0
    60/272      4.5G     0.919     0.132         0      1.05        25       416     0.637     0.819     0.751     0.717      1.18     0.227         0
    61/272      4.5G      0.93     0.131         0      1.06        15       416     0.581     0.841     0.763     0.687      1.16     0.229         0
    62/272      4.5G     0.948     0.136         0      1.08        25       416     0.724     0.777      0.72      0.75       1.2     0.255         0
    63/272      4.5G     0.949     0.137         0      1.09        23       416     0.566     0.844     0.758     0.677      1.16     0.228         0
    64/272      4.5G     0.953     0.134         0      1.09        17       416     0.615     0.815     0.735     0.701      1.18     0.239         0
    65/272      4.5G     0.955     0.139         0      1.09        28       416     0.648     0.811     0.744     0.721      1.18     0.246         0
    66/272      4.5G     0.942     0.139         0      1.08        23       416      0.63     0.797     0.724     0.704      1.19      0.25         0
    67/272      4.5G     0.951      0.14         0      1.09        18       416     0.606     0.832     0.762     0.701      1.17     0.237         0
    68/272      4.5G     0.967     0.141         0      1.11        23       416     0.528     0.842     0.747     0.649      1.19      0.24         0
    69/272      4.5G     0.959     0.141         0       1.1        20       416      0.62     0.794     0.719     0.696      1.18     0.258         0
    70/272      4.5G     0.965     0.142         0      1.11        16       416     0.611     0.806     0.737     0.695      1.17     0.237         0
    71/272      4.5G     0.983     0.142         0      1.12        26       416     0.395     0.836     0.703     0.537       1.2     0.282         0
    72/272      4.5G     0.988     0.144         0      1.13        27       416     0.664     0.781     0.722     0.718      1.17     0.249         0
    73/272      4.5G     0.987     0.147         0      1.13        17       416     0.486     0.822     0.708     0.611      1.17     0.254         0
    74/272      4.5G     0.994     0.147         0      1.14        17       416     0.601     0.819     0.741     0.693       1.2     0.245         0
    75/272      4.5G         1     0.148         0      1.15        23       416     0.686     0.767     0.703     0.724      1.21     0.267         0
    76/272      4.5G     0.986     0.148         0      1.13        25       416     0.509     0.795     0.696      0.62       1.2      0.25         0
    77/272      4.5G      1.02     0.149         0      1.17        16       416     0.492     0.763     0.662     0.598      1.28     0.293         0
    78/272      4.5G      1.01     0.152         0      1.16        25       416     0.484     0.819     0.711     0.608      1.24     0.253         0
    79/272      4.5G      1.02     0.155         0      1.18        22       416     0.507     0.821     0.715     0.626      1.23     0.251         0
    80/272      4.5G      1.05     0.157         0       1.2        22       416     0.593       0.8     0.722     0.681      1.19     0.242         0
    81/272      4.5G      1.06      0.16         0      1.22        20       416     0.651     0.756     0.678       0.7      1.24     0.269         0
    82/272      4.5G      1.05     0.158         0      1.21        21       416     0.586     0.788     0.698     0.673      1.23      0.25         0
    83/272      4.5G      1.05     0.159         0      1.21        19       416     0.536     0.787     0.681     0.637      1.27     0.273         0
    84/272      4.5G      1.06     0.159         0      1.21        20       416     0.495     0.817     0.705     0.617      1.22     0.269         0
    85/272      4.5G      1.05     0.158         0      1.21        25       416     0.611     0.765     0.681     0.679      1.24     0.255         0
    86/272      4.5G      1.09     0.159         0      1.24        27       416     0.766     0.602     0.556     0.674      1.29      0.36         0
    87/272      4.5G      1.09     0.164         0      1.25        36       416     0.431     0.825     0.701     0.566      1.24     0.262         0
    88/272      4.5G       1.1     0.164         0      1.26        17       416     0.636     0.728     0.655     0.679      1.25     0.258         0
    89/272      4.5G       1.1     0.176         0      1.27        30       416      0.63     0.748     0.668     0.684      1.24     0.254         0
    90/272      4.5G      1.09     0.165         0      1.25        29       416     0.506     0.811     0.706     0.623      1.24     0.252         0
    91/272      4.5G      1.08     0.166         0      1.25        30       416     0.515     0.811     0.718      0.63      1.23     0.257         0
    92/272      4.5G      1.09     0.167         0      1.26        35       416     0.606     0.765     0.688     0.676      1.22     0.268         0
    93/272      4.5G      1.08     0.166         0      1.24        23       416     0.688     0.707     0.648     0.698      1.25      0.28         0
    94/272      4.5G      1.07     0.164         0      1.23        20       416     0.569     0.771     0.674     0.655      1.21     0.261         0
    95/272      4.5G      1.08     0.164         0      1.25        20       416     0.557     0.783     0.689     0.651      1.24     0.264         0
    96/272      4.5G      1.08     0.167         0      1.25        17       416     0.613     0.748     0.671     0.673       1.2     0.264         0
    97/272      4.5G      1.07     0.164         0      1.23        27       416     0.556     0.756     0.659     0.641      1.25     0.288         0
    98/272      4.5G      1.09     0.164         0      1.25        13       416     0.649     0.711     0.631     0.679      1.26     0.268         0
    99/272      4.5G      1.08     0.165         0      1.24        24       416     0.439     0.786     0.679     0.564      1.25     0.282         0
   100/272      4.5G      1.07     0.164         0      1.23        21       416      0.48     0.787     0.664     0.597      1.22     0.274         0
   101/272      4.5G      1.07     0.164         0      1.23        18       416     0.512     0.779     0.672     0.618      1.28     0.275         0
   102/272      4.5G      1.06     0.165         0      1.23        20       416     0.557      0.77     0.681     0.647      1.31     0.284         0
   103/272      4.5G      1.05     0.163         0      1.21        25       416      0.63     0.744     0.667     0.682      1.28     0.284         0
   104/272      4.5G      1.08     0.165         0      1.25        16       416      0.41     0.792     0.682     0.541      1.29     0.291         0
   105/272      4.5G      1.06     0.165         0      1.22        24       416      0.44       0.8     0.683     0.567      1.25     0.273         0
   106/272      4.5G      1.05     0.168         0      1.22        27       416     0.554     0.783     0.695     0.649       1.2     0.272         0
   107/272      4.5G      1.04     0.162         0       1.2        24       416     0.417     0.825     0.691     0.554      1.26     0.274         0
   108/272      4.5G      1.04     0.164         0       1.2        18       416     0.452     0.812     0.683     0.581      1.25     0.274         0
   109/272      4.5G      1.02     0.157         0      1.18        19       416     0.786     0.652      0.61     0.713       1.3     0.334         0
   110/272      4.5G      1.04     0.163         0      1.21        20       416     0.571      0.79     0.699     0.663      1.21     0.261         0
   111/272      4.5G      1.03     0.161         0      1.19        17       416     0.473     0.793     0.682     0.592      1.25     0.285         0
   112/272      4.5G      1.02     0.164         0      1.19        21       416     0.682     0.735      0.67     0.707      1.22     0.274         0
   113/272      4.5G      1.03     0.159         0      1.19        18       416     0.576     0.784     0.698     0.664      1.21     0.259         0
   114/272      4.5G      1.03      0.16         0      1.19        29       416     0.485     0.817     0.714     0.608       1.2      0.26         0
   115/272      4.5G      1.02     0.157         0      1.18        22       416     0.657     0.738     0.668     0.695      1.23     0.286         0
   116/272      4.5G         1     0.157         0      1.16        22       416     0.654     0.708     0.641      0.68      1.27     0.318         0
   117/272      4.5G      1.02     0.158         0      1.18        17       416     0.566     0.764     0.676      0.65      1.29     0.269         0
   118/272      4.5G      1.03      0.16         0      1.19        18       416     0.495     0.807     0.702     0.613      1.27     0.266         0
   119/272      4.5G     0.998     0.162         0      1.16        26       416     0.557     0.789     0.703     0.653      1.22     0.274         0
   120/272      4.5G         1     0.156         0      1.16        21       416     0.422     0.817     0.697     0.556      1.23     0.275         0
   121/272      4.5G      1.01     0.159         0      1.16        32       416      0.55     0.789       0.7     0.648      1.21     0.266         0
   122/272      4.5G      1.01     0.159         0      1.16        22       416     0.435     0.824     0.703     0.569       1.2     0.259         0
   123/272      4.5G     0.999     0.154         0      1.15        25       416     0.527     0.769     0.673     0.626       1.2     0.268         0
   124/272      4.5G      1.01     0.157         0      1.16        19       416     0.618     0.756     0.682      0.68      1.23     0.278         0
   125/272      4.5G         1     0.155         0      1.16        20       416     0.522     0.801     0.685     0.632      1.19     0.261         0
   126/272      4.5G     0.993     0.158         0      1.15        36       416     0.606     0.769     0.691     0.678      1.22     0.261         0
   127/272      4.5G      1.01     0.158         0      1.16        20       416     0.587     0.777       0.7     0.669      1.21     0.273         0
   128/272      4.5G     0.986     0.154         0      1.14        16       416     0.469     0.816     0.709     0.595      1.18     0.257         0
   129/272      4.5G     0.975     0.156         0      1.13        23       416     0.411     0.773     0.657     0.537      1.31      0.29         0
   130/272      4.5G     0.994     0.158         0      1.15        14       416     0.509     0.805     0.701     0.623      1.27     0.261         0
   131/272      4.5G     0.987     0.152         0      1.14        16       416     0.603     0.788     0.711     0.683      1.22     0.262         0
   132/272      4.5G     0.987     0.153         0      1.14        26       416     0.586     0.776     0.689     0.668      1.24     0.261         0
   133/272      4.5G     0.992     0.156         0      1.15        23       416      0.55     0.782     0.707     0.646       1.2     0.266         0
   134/272      4.5G     0.989     0.155         0      1.14        22       416     0.397     0.838     0.702     0.539       1.2     0.273         0
   135/272      4.5G     0.985     0.152         0      1.14        27       416     0.665     0.737     0.673     0.699      1.26      0.27         0
   136/272      4.5G     0.977     0.154         0      1.13        18       416     0.545     0.718     0.628      0.62      1.29     0.295         0
   137/272      4.5G     0.964     0.152         0      1.12        23       416     0.591     0.745     0.675     0.659      1.31      0.28         0
   138/272      4.5G     0.973     0.149         0      1.12        27       416     0.719     0.685     0.633     0.702      1.32     0.309         0
   139/272      4.5G     0.963     0.149         0      1.11        26       416      0.57     0.789     0.698     0.662      1.21      0.26         0
   140/272      4.5G     0.969     0.155         0      1.12        16       416     0.474     0.803      0.69     0.596      1.26     0.264         0
   141/272      4.5G     0.986     0.152         0      1.14        33       416     0.601     0.759     0.684     0.671      1.22     0.271         0
   142/272      4.5G     0.974      0.15         0      1.12        14       416     0.437     0.823      0.71     0.571      1.26     0.266         0
   143/272      4.5G     0.961     0.152         0      1.11        23       416     0.532     0.783     0.678     0.634      1.27     0.277         0
   144/272      4.5G     0.943     0.148         0      1.09        28       416     0.676     0.719     0.654     0.697      1.26     0.277         0
   145/272      4.5G     0.966     0.149         0      1.11        21       416     0.471     0.798     0.683     0.592      1.28     0.283         0
   146/272      4.5G     0.969     0.149         0      1.12        21       416     0.576     0.765     0.686     0.657      1.27     0.269         0
   147/272      4.5G     0.956     0.148         0       1.1        15       416     0.532     0.804     0.706      0.64      1.18     0.264         0
   148/272      4.5G     0.939     0.148         0      1.09        28       416     0.582     0.787     0.686     0.669       1.2     0.255         0
   149/272      4.5G     0.933     0.145         0      1.08        24       416     0.624     0.766      0.69     0.687      1.29     0.288         0
   150/272      4.5G     0.948     0.147         0       1.1        18       416     0.481     0.789     0.679     0.598      1.23     0.278         0
   151/272      4.5G     0.932     0.149         0      1.08        22       416     0.501     0.809     0.706     0.618      1.22     0.266         0
   152/272      4.5G     0.945     0.145         0      1.09        27       416      0.53     0.801     0.713     0.638      1.23     0.265         0
   153/272      4.5G     0.949     0.146         0       1.1        21       416     0.553     0.776     0.685     0.646      1.22     0.271         0
   154/272      4.5G     0.934     0.144         0      1.08        12       416     0.522     0.807     0.705     0.634       1.2      0.26         0
   155/272      4.5G     0.924     0.145         0      1.07        22       416     0.653     0.762     0.705     0.703      1.21      0.27         0
   156/272      4.5G     0.944     0.146         0      1.09        19       416     0.734     0.705     0.655     0.719      1.25     0.288         0
   157/272      4.5G     0.931     0.145         0      1.08        14       416     0.594     0.743     0.678      0.66      1.29     0.284         0
   158/272      4.5G     0.932     0.147         0      1.08        26       416     0.495      0.78     0.685     0.606      1.23     0.272         0
   159/272      4.5G     0.936     0.144         0      1.08        17       416     0.629     0.724     0.654     0.673      1.26      0.32         0
   160/272      4.5G      0.94     0.145         0      1.08        25       416     0.555     0.789     0.693     0.652      1.27     0.274         0
   161/272      4.5G     0.919     0.143         0      1.06        31       416     0.326     0.821     0.661     0.467      1.22     0.294         0
   162/272      4.5G     0.915     0.141         0      1.06        18       416     0.681     0.745     0.674     0.711      1.29     0.269         0
   163/272      4.5G     0.938     0.143         0      1.08        17       416     0.636     0.745     0.679     0.686      1.24     0.281         0
   164/272      4.5G     0.935     0.143         0      1.08        20       416     0.566     0.748     0.657     0.645      1.28     0.302         0
   165/272      4.5G     0.909     0.139         0      1.05        26       416     0.382     0.813     0.678      0.52      1.23     0.283         0
   166/272      4.5G      0.91     0.142         0      1.05        25       416     0.291     0.825     0.659      0.43      1.25     0.338         0
   167/272      4.5G     0.914     0.141         0      1.06        24       416     0.659     0.749     0.679     0.701      1.23     0.282         0
   168/272      4.5G     0.935     0.143         0      1.08        22       416     0.581     0.753     0.673     0.656      1.22     0.284         0
   169/272      4.5G     0.923     0.143         0      1.07        16       416     0.569     0.764     0.669     0.652      1.22      0.27         0
   170/272      4.5G     0.919     0.142         0      1.06        21       416     0.553     0.774     0.685     0.645      1.19     0.275         0
   171/272      4.5G     0.927     0.142         0      1.07        22       416     0.587     0.781     0.702      0.67      1.24     0.278         0
   172/272      4.5G     0.926     0.145         0      1.07        20       416     0.526     0.773     0.649     0.626       1.2     0.271         0
   173/272      4.5G     0.901     0.139         0      1.04        20       416     0.618     0.742      0.68     0.674      1.24     0.287         0
   174/272      4.5G     0.907     0.142         0      1.05        28       416     0.598     0.776     0.687     0.675      1.23      0.26         0
   175/272      4.5G     0.907      0.14         0      1.05        22       416     0.667     0.709     0.645     0.687      1.25      0.31         0
   176/272      4.5G     0.902     0.141         0      1.04        22       416     0.531     0.783     0.687     0.633      1.21     0.269         0
   177/272      4.5G     0.912     0.137         0      1.05        28       416     0.546     0.796     0.704     0.647      1.21     0.262         0
   178/272      4.5G      0.91     0.138         0      1.05        25       416       0.6     0.773     0.687     0.675      1.22     0.274         0
   179/272      4.5G     0.901      0.14         0      1.04        24       416     0.683     0.708     0.647     0.695      1.27     0.312         0
   180/272      4.5G     0.904     0.138         0      1.04         9       416     0.403     0.826     0.697     0.542      1.23     0.282         0
   181/272      4.5G     0.911     0.138         0      1.05        26       416      0.47     0.813     0.701     0.596      1.21      0.27         0
   182/272      4.5G     0.897     0.137         0      1.03        23       416     0.712     0.738      0.67     0.725      1.23     0.265         0
   183/272      4.5G     0.893     0.138         0      1.03        21       416     0.608     0.774     0.704     0.681      1.23      0.27         0
   184/272      4.5G      0.89     0.136         0      1.03        29       416     0.446     0.802     0.692     0.573      1.25     0.274         0
   185/272      4.5G     0.895     0.138         0      1.03        24       416     0.527     0.793       0.7     0.633      1.26     0.281         0
   186/272      4.5G     0.896     0.138         0      1.03        16       416     0.592     0.764     0.683     0.667      1.23     0.272         0
   187/272      4.5G     0.896     0.137         0      1.03        39       416     0.427     0.773      0.66      0.55      1.24     0.287         0
   188/272      4.5G     0.901     0.138         0      1.04        28       416     0.687     0.728     0.666     0.707      1.23     0.292         0
   189/272      4.5G     0.898      0.14         0      1.04        30       416     0.571     0.731     0.649     0.641      1.28     0.294         0
   190/272      4.5G     0.887      0.14         0      1.03        26       416     0.697     0.734      0.68     0.715      1.22     0.287         0
   191/272      4.5G     0.888     0.138         0      1.03        21       416     0.637     0.722     0.651     0.677      1.23     0.277         0
   192/272      4.5G     0.881     0.135         0      1.02        26       416     0.596     0.791     0.715      0.68       1.2     0.266         0
   193/272      4.5G     0.884     0.135         0      1.02        17       416     0.548      0.79     0.705     0.647      1.21     0.276         0
   194/272      4.5G     0.883     0.132         0      1.02        28       416     0.544     0.756     0.676     0.632      1.23     0.286         0
   195/272      4.5G     0.881     0.134         0      1.02        25       416     0.508     0.785     0.676     0.617      1.22     0.281         0
   196/272      4.5G     0.876     0.135         0      1.01        22       416     0.521     0.781     0.676     0.625      1.27     0.284         0
   197/272      4.5G     0.879     0.133         0      1.01        22       416     0.502     0.749      0.65     0.601       1.3     0.319         0
   198/272      4.5G     0.877     0.136         0      1.01        18       416     0.683     0.723      0.66     0.702      1.26     0.292         0
   199/272      4.5G      0.88     0.134         0      1.01        35       416     0.649     0.757     0.675     0.698      1.23     0.272         0
   200/272      4.5G     0.881     0.134         0      1.02        23       416     0.526      0.75     0.653     0.619      1.29      0.29         0
   201/272      4.5G     0.887     0.134         0      1.02        33       416     0.655      0.68     0.619     0.667      1.24      0.31         0
   202/272      4.5G     0.871     0.135         0      1.01        22       416     0.469     0.695     0.607      0.56      1.25      0.33         0
   203/272      4.5G     0.891     0.138         0      1.03        15       416     0.691     0.743     0.677     0.716      1.21     0.286         0
   204/272      4.5G     0.877     0.136         0      1.01        18       416     0.478     0.812     0.707     0.602      1.22     0.271         0
   205/272      4.5G     0.873     0.132         0         1        24       416     0.447     0.802     0.678     0.574      1.22     0.285         0
   206/272      4.5G     0.862     0.131         0     0.993        17       416     0.691     0.706     0.651     0.698      1.29     0.326         0
   207/272      4.5G     0.877     0.132         0      1.01        19       416     0.399     0.822     0.717     0.537      1.24     0.276         0
   208/272      4.5G      0.85     0.136         0     0.986        24       416     0.643     0.741     0.682     0.689      1.25     0.281         0
   209/272      4.5G     0.855     0.131         0     0.986        19       416     0.587     0.763     0.677     0.664      1.26     0.286         0
   210/272      4.5G     0.858     0.131         0     0.989        17       416     0.483     0.677     0.572     0.564      1.38     0.353         0
   211/272      4.5G     0.873     0.133         0      1.01        25       416     0.742     0.672     0.631     0.705      1.28     0.302         0
   212/272      4.5G     0.875     0.133         0      1.01        20       416     0.613     0.764     0.685      0.68      1.23     0.297         0
   213/272      4.5G     0.862     0.134         0     0.996        27       416      0.29      0.81     0.671     0.427      1.33     0.325         0
   214/272      4.5G     0.871     0.133         0         1        18       416     0.372     0.832      0.71     0.514      1.23     0.279         0
   215/272      4.5G     0.878     0.135         0      1.01        14       416     0.586     0.763     0.684     0.663      1.25      0.28         0
   216/272      4.5G     0.865     0.129         0     0.994        14       416     0.537     0.757     0.677     0.628      1.26     0.287         0
   217/272      4.5G     0.871      0.13         0         1        22       416     0.671     0.702      0.64     0.686      1.31      0.31         0
   218/272      4.5G     0.868     0.133         0         1        25       416      0.38     0.742     0.623     0.503      1.35      0.31         0
   219/272      4.5G      0.82     0.127         0     0.947        32       416      0.59     0.818     0.742     0.686      1.14     0.244         0
   220/272      4.5G     0.749     0.116         0     0.866        22       416     0.569     0.829     0.748     0.675      1.13      0.24         0
   221/272      4.5G     0.735     0.117         0     0.852        15       416     0.617     0.812     0.743     0.701      1.14     0.245         0
   222/272      4.5G     0.722     0.111         0     0.832        23       416     0.602     0.819     0.748     0.694      1.14     0.243         0
   223/272      4.5G     0.712     0.109         0     0.821        16       416     0.603     0.822      0.75     0.696      1.14     0.246         0
   224/272      4.5G     0.703     0.109         0     0.812        16       416     0.685     0.804     0.743      0.74      1.14     0.251         0
   225/272      4.5G     0.697      0.11         0     0.807        27       416     0.641     0.813     0.747     0.717      1.14      0.25         0
   226/272      4.5G     0.688     0.107         0     0.795        21       416     0.649     0.802     0.738     0.717      1.15     0.254         0
   227/272      4.5G     0.691     0.107         0     0.798        16       416     0.662     0.805      0.74     0.726      1.15     0.255         0
   228/272      4.5G     0.684      0.11         0     0.794        13       416     0.604     0.824     0.749     0.697      1.14     0.249         0
   229/272      4.5G     0.691     0.107         0     0.798        23       416      0.66     0.815     0.749     0.729      1.14     0.246         0
   230/272      4.5G     0.688     0.104         0     0.792        17       416     0.672     0.812     0.751     0.735      1.14     0.248         0
   231/272      4.5G     0.689     0.105         0     0.794        28       416      0.62     0.821      0.75     0.707      1.14     0.251         0
   232/272      4.5G     0.672     0.104         0     0.776        21       416     0.686     0.799      0.74     0.738      1.14     0.252         0
   233/272      4.5G     0.673     0.103         0     0.776        14       416     0.629     0.812     0.747     0.709      1.14     0.255         0
   234/272      4.5G     0.669     0.105         0     0.773        28       416     0.664     0.813     0.754     0.731      1.14      0.25         0
   235/272      4.5G      0.67     0.105         0     0.775        22       416     0.644     0.809      0.74     0.717      1.14     0.255         0
   236/272      4.5G     0.662     0.102         0     0.764        28       416     0.659      0.81      0.75     0.727      1.16     0.253         0
   237/272      4.5G     0.662     0.104         0     0.767        20       416     0.653     0.813     0.744     0.725      1.14     0.248         0
   238/272      4.5G     0.668     0.104         0     0.772        22       416     0.659      0.81     0.746     0.727      1.15     0.249         0
   239/272      4.5G     0.666     0.102         0     0.769        17       416     0.648     0.812      0.75     0.721      1.14     0.254         0
   240/272      4.5G     0.653     0.103         0     0.756        26       416     0.585     0.825     0.753     0.685      1.16     0.249         0
   241/272      4.5G     0.649     0.102         0     0.751        18       416     0.599     0.825     0.752     0.694      1.14     0.256         0
   242/272      4.5G     0.654     0.101         0     0.755        24       416      0.69     0.795     0.736     0.739      1.15     0.257         0
   243/272      4.5G      0.65     0.102         0     0.752        21       416     0.662     0.809     0.745     0.728      1.15     0.255         0
   244/272      4.5G     0.654     0.103         0     0.756        21       416     0.591     0.817     0.742     0.686      1.15      0.26         0
   245/272      4.5G     0.654    0.0997         0     0.753        28       416     0.647     0.815     0.745     0.721      1.15     0.252         0
   246/272      4.5G     0.647     0.101         0     0.747        21       416     0.681     0.798     0.735     0.735      1.16     0.261         0
   247/272      4.5G     0.635    0.0989         0     0.733        21       416     0.601     0.816     0.742     0.692      1.15     0.255         0
   248/272      4.5G     0.635    0.0993         0     0.734        22       416     0.615     0.813     0.746       0.7      1.15     0.266         0
   249/272      4.5G     0.634     0.102         0     0.736        32       416     0.672     0.801     0.744      0.73      1.14     0.254         0
   250/272      4.5G     0.625     0.099         0     0.725        26       416     0.658     0.807     0.744     0.725      1.15     0.256         0
   251/272      4.5G     0.632    0.0984         0      0.73        23       416     0.644     0.816     0.749      0.72      1.15     0.253         0
   252/272      4.5G     0.635    0.0995         0     0.735        21       416     0.631     0.816     0.747     0.712      1.15     0.256         0
   253/272      4.5G     0.622    0.0975         0     0.719        26       416     0.651     0.809     0.745     0.722      1.15     0.256         0
   254/272      4.5G     0.628     0.098         0     0.726        18       416     0.674     0.809     0.745     0.736      1.15     0.256         0
   255/272      4.5G     0.625    0.0969         0     0.721        13       416      0.66     0.808     0.742     0.727      1.15     0.258         0
   256/272      4.5G      0.62    0.0986         0     0.719        21       416     0.639     0.817     0.749     0.717      1.15     0.253         0
   257/272      4.5G     0.631     0.101         0     0.731        46       416     0.698     0.798     0.741     0.744      1.14     0.255         0
   258/272      4.5G     0.624    0.0993         0     0.723        27       416     0.683     0.807     0.746      0.74      1.15     0.256         0
   259/272      4.5G     0.623     0.097         0      0.72        20       416     0.648      0.81     0.748      0.72      1.15     0.258         0
   260/272      4.5G     0.632    0.0991         0     0.731        27       416     0.666     0.804     0.744     0.729      1.15      0.26         0
   261/272      4.5G     0.621    0.0968         0     0.718        23       416     0.666     0.804     0.744     0.728      1.15     0.259         0
   262/272      4.5G     0.618    0.0981         0     0.716        13       416     0.644     0.813     0.748     0.719      1.15     0.258         0
   263/272      4.5G     0.624     0.099         0     0.723        29       416     0.669     0.809     0.744     0.732      1.15     0.257         0
   264/272      4.5G     0.622     0.103         0     0.725        24       416     0.666     0.808     0.745      0.73      1.15      0.26         0
   265/272      4.5G     0.621    0.0981         0     0.719        21       416     0.666     0.803     0.743     0.728      1.15     0.264         0
   266/272      4.5G     0.618    0.0973         0     0.715        22       416     0.651     0.815     0.747     0.724      1.15     0.256         0
   267/272      4.5G     0.618    0.0979         0     0.715        15       416     0.643     0.813     0.749     0.718      1.15     0.259         0
   268/272      4.5G     0.624    0.0974         0     0.721        20       416     0.631     0.812     0.745      0.71      1.15     0.264         0
   269/272      4.5G     0.618    0.0965         0     0.715        21       416      0.66     0.814     0.749     0.729      1.14     0.258         0
   270/272      4.5G     0.619    0.0983         0     0.718        21       416     0.704     0.797      0.74     0.748      1.15     0.258         0
   271/272      4.5G     0.617    0.0942         0     0.711        25       416     0.686     0.799     0.738     0.738      1.15     0.261         0
   272/272      4.5G     0.619     0.099         0     0.717        29       416     0.176     0.906      0.79     0.294      1.14     0.255         0
